1 0.000922508 0.000492275 -0.999999 0.479417 0.877587 0.00087428 0.877587 -0.479418 0.000573575 -0.224995 -0.329561 0.20939 -0.394 
1 0.000498544 -0.998497 0.0548125 -0.00037434 -0.0548126 -0.998497 1 0.000477276 -0.000401104 0.0419175 -0.174272 0.0620655 -0.342 
1 -0.00141333 -0.0539702 -0.998542 0.00102383 0.998542 -0.0539717 0.999998 -0.00109862 -0.00135601 -0.183175 -0.0422995 0.0375195 -0.368 
1 -0.00163015 -0.310566 -0.950551 0.00062316 0.950551 -0.310567 0.999998 -0.00109862 -0.00135601 -0.165986 -0.088266 0.0375195 -0.368 
1 -0.00173589 -0.545998 -0.837785 0.000180024 0.837786 -0.545999 0.999998 -0.00109862 -0.00135601 -0.137486 -0.128218 0.0375195 -0.368 
1 -0.00172334 -0.744223 -0.667929 -0.000275378 0.66793 -0.744224 0.999998 -0.00109862 -0.00135601 -0.0996175 -0.159432 0.0375195 -0.368 
1 -0.00159335 -0.891734 -0.452557 -0.000712016 0.452559 -0.891734 0.999998 -0.00109862 -0.00135601 -0.0549604 -0.179782 0.0375195 -0.368 
1 -0.00135478 -0.978478 -0.206347 -0.00110013 0.206348 -0.978478 0.999998 -0.00109862 -0.00135601 -0.00655814 -0.187881 0.0375195 -0.368 
1 -0.0010239 -0.998544 0.0539255 -0.00141328 -0.053924 -0.998544 0.999998 -0.00109862 -0.00135601 0.0422911 -0.183177 0.0375195 -0.368 
1 -0.000623235 -0.950566 0.310523 -0.00163013 -0.310522 -0.950565 0.999998 -0.00109862 -0.00135601 0.0882583 -0.16599 0.0375195 -0.368 
1 -0.000180105 -0.837811 0.54596 -0.00173588 -0.545959 -0.83781 0.999998 -0.00109862 -0.00135601 0.128211 -0.137492 0.0375195 -0.368 
1 0.000275299 -0.667965 0.744193 -0.00172335 -0.744192 -0.667963 0.999998 -0.00109862 -0.00135601 0.159427 -0.0996249 0.0375195 -0.368 
1 0.000711942 -0.4526 0.891713 -0.00159338 -0.891713 -0.452599 0.999998 -0.00109862 -0.00135601 0.179779 -0.0549688 0.0375195 -0.368 
1 0.00110007 -0.206394 0.978468 -0.00135483 -0.978468 -0.206392 0.999998 -0.00109862 -0.00135601 0.187881 -0.00656684 0.0375195 -0.368 
1 0.00141324 0.0538777 0.998547 -0.00102396 -0.998547 0.0538792 0.999998 -0.00109862 -0.00135601 0.183179 0.0422826 0.0375195 -0.368 
1 0.0016301 0.310478 0.950579 -0.000623311 -0.95058 0.310479 0.999998 -0.00109862 -0.00135601 0.165994 0.0882507 0.0375195 -0.368 
1 0.00173588 0.54592 0.837836 -0.000180185 -0.837837 0.545921 0.999998 -0.00109862 -0.00135601 0.137498 0.128205 0.0375195 -0.368 
1 0.00172336 0.744161 0.667998 0.000275219 -0.667999 0.744162 0.999998 -0.00109862 -0.00135601 0.0996322 0.159423 0.0375195 -0.368 
1 0.00159342 0.891692 0.45264 0.000711868 -0.452642 0.891692 0.999998 -0.00109862 -0.00135601 0.0549771 0.179777 0.0375195 -0.368 
1 0.00135489 0.978459 0.206437 0.00110001 -0.206439 0.978459 0.999998 -0.00109862 -0.00135601 0.00657554 0.18788 0.0375195 -0.368 
1 0.00102403 0.998549 -0.0538329 0.00141319 0.0538315 0.998549 0.999998 -0.00109862 -0.00135601 -0.0422741 0.183181 0.0375195 -0.368 
1 0.000623386 0.950594 -0.310435 0.00163007 0.310433 0.950594 0.999998 -0.00109862 -0.00135601 -0.088243 0.165998 0.0375195 -0.368 
1 0.000180266 0.837862 -0.545882 0.00173587 0.545881 0.837861 0.999998 -0.00109862 -0.00135601 -0.128199 0.137504 0.0375195 -0.368 
1 -0.000275139 0.668034 -0.744131 0.00172338 0.74413 0.668032 0.999998 -0.00109862 -0.00135601 -0.159418 0.0996396 0.0375195 -0.368 
1 -0.000711794 0.452683 -0.891671 0.00159345 0.891671 0.452681 0.999998 -0.00109862 -0.00135601 -0.179774 0.0549854 0.0375195 -0.368 
1 -0.00109994 0.206484 -0.978449 0.00135494 0.978449 0.206483 0.999998 -0.00109862 -0.00135601 -0.18788 0.00658425 0.0375195 -0.368 
1 -0.00141314 -0.0537852 -0.998552 0.00102409 0.998552 -0.0537867 0.999998 -0.00109862 -0.00135601 -0.183183 -0.0422656 0.0375195 -0.368 
